0000001223 153 8.5 "Casablanca" 1942
0000122110 369 7.9 "Thor:Ragnarok" 2017
0011220001 60 6.0 "ET" 1982
0000221110 400 7.5 "BeautyAndTheBeast" 2016
0011001111 250 8.1 "Chicago" 2015
1000112111 416 6.8 "Ferdinand" 2017
1000122112 589 6.2 "Downsizing" 2017
0000011121 233 8.7 "TheMatrix" 1999
0011011111 286 6.7 "ResidentEvil" 2002
0011121111 353 6.8 "TheFateofTheFurious" 2017
0000011211 388 7.9 "TheBourneIdentity" 2002
0000021221 211 7.8 "Avatar" 2009
0001110121 350 7.2 "Hostiles" 2013
0000101112 610 8.7 "Inception" 2010
0001011021 420 8.6 "Se7en" 1995
0000111211 330 8.5 "Interstellar" 2014
0010110211 550 8.4 "WALL-E" 2008
0000012211 180 8.2 "Chinatown" 1974
0000001322 14556 8.1 "TheDisasterArtist" 2017
0000001222 5617 8.1 "TheShapeOfWater" 2017
3100000002 47299 3.6 "TheRoom" 2003
0000001222 709209 8.1 "StarWars:TheForceAwakens" 2015
0000122100 159905 6.1 "HowtheGrinchStoleChristmas" 2000
0000001222 160144 8.4 "BladeRunner2049" 2017
0000013100 85567 6.8 "AtomicBlonde" 2017
0000002211 351476 7.7 "LoveActually" 2003
0000001223 313209 8.6 "It'sAWonderfulLife" 1946
0000002211 344361 7.6 "WonderWoman" 2017
0000122100 137916 6.6 "ThePolarExpress" 2004
0000122101 16090 6.1 "Jigsaw" 2017
0000012211 68015 7.4 "Frida" 2002
0000001221 387372 7.8 "RogueOne:AStarWarsStory" 2016
1000001111 66359 6.9 "Mother!" 2017
0001864648 17 9.0 "TheDarkKnight" 2008
0000306222 15 7.5 "ScottPilgrimVSTheWorld" 2010
0001889035 26 9.3 "TheShawshankRedemption" 1994
0001018369 15 8.7 "StarWars:EpisodeIV" 1977
0000032531 9 6.0 "Pokemon:TheFirstMovie" 1998
0000201597 6 6.9 "Warcraft" 2016
0001112200 20 6.2 "Elf" 2003
0000002221 35 8.3 "TheIncredibles" 2004
000661957 32 8.1 "Monsters,Inc." 2001
0000212200 14 6.8 "ShutterIsland" 2010
0000309915 18 7.3 "DumbAndDumber" 1994
0000959167 28 8.5 "AceVenture:PetDetective" 1994
0000012200 21 7.1 "ThePrestige" 2006
0000112200 14 7.0 "Goodfellas" 1990
0000034300 20 7.0 "PulpFiction" 1994
0001112210 141 7.2 "JusticeLeague" 2017
0000012200 557 6.8 "MurderontheOrientExpress" 2017
0000011211 456 7.5 "HomeAlone" 1990 
0000114310 10 7.2 "IT" 1990
0000000213 13 8.4 "Titanic" 1997
0000002112 15 7.3 "Terminator" 1984
0000212100 11 6.6 "PrettyWoman" 1990
0000111220 26 7.0 "ThePurge" 2013
0000001321 32 8.5 "FindingNemo" 2003
0000001422 15 8.5 "KarateKid" 1984
0000001331 28 8.3 "Rocky" 1976
0000012200 21 7.1 "Jaws" 1975
0001001411 344 9.1 "Dunkirk" 2017
0011001031 58 8.1 "JurassicWorld" 2014
